3 0.13744257274119448 0.88375 0.20290964777947934 0.1925
3 0.18376722817764166 0.7937500000000001 0.11791730474732007 0.1325
0 0.34762633996937214 0.09125 0.0995405819295559 0.1675
0 0.3242725880551302 0.205625 0.07120980091883615 0.07875
0 0.42993874425727413 0.47875 0.04211332312404288 0.0625
0 0.5130168453292496 0.570625 0.016845329249617153 0.02625
3 0.26607963246554367 0.724375 0.04211332312404288 0.06875
3 0.3169984686064319 0.738125 0.07350689127105667 0.06625
3 0.3667687595712098 0.690625 0.02909647779479326 0.04125
3 0.41998468606431855 0.693125 0.04058192955589587 0.03875
3 0.5179938744257274 0.645 0.011485451761102604 0.0125
3 0.5302450229709036 0.645 0.00995405819295559 0.0175
